124
75
424
184
25
245
102
73
69
96
99
445
237
117
18
192
1
76
36
123
92
406
184
166
347
88
390
188
391
349
140
391
360
119
354
132
256
38
370
74
340
477
371
326
49
121
406
289
86
212
377
417
82
139
309
465
36
206
11
112
401
415
475
287
380
25
49
34
115
157
27
344
126
271
271
430
310
131
89
330
168
286
48
452
129
359
137
309
80
429
475
358
422
347
157
75
77
41
421
417
140
348
159
180
498
417
169
65
250
214
128
451
458
354
339
276
50
275
394
135
254
120
454
371
46
23
275
487
250
263
142
80
427
51
404
498
473
399
39
311
89
295
335
176
76
17
412
173
416
326
26
303
243
420
184
332
390
449
97
338
340
296
57
292
59
168
316
30
134
282
416
483
376
296
239
148
283
418
453
394
129
76
459
24
371
47
2
154
130
165
144
66
159
91
268
325
181
229
125
431
46
405
435
366
378
267
46
132
479
49
56
1
270
89
303
328
369
232
342
296
429
29
346
29
194
377
284
186
425
494
353
211
376
188
298
17
424
452
449
244
472
143
72
216
57
286
149
433
378
48
205
413
244
171
389
136
341
192
141
389
482
113
163
496
433
328
72
190
330
57
357
488
476
278
257
304
390
51
37
144
141
117
424
128
287
75
135
183
138
390
12
180
300
168
203
499
469
368
121
449
471
416
125
220
350
81
431
496
496
194
222
117
347
334
465
374
61
223
434
121
222
367
95
44
84
470
105
356
71
92
445
24
212
325
56
183
88
485
478
298
360
457
178
164
323
175
290
15
94
225
81
452
216
329
228
469
98
456
413
250
40
400
340
217
476
6
208
439
326
472
150
412
222
275
324
412
270
197
297
187
403
153
355
98
73
298
77
179
325
25
191
59
47
469
202
498
444
113
280
238
145
333
495
83
113
477
296
147
332
463
148
30
332
237
450
68
160
338
376
366
346
201
147
473
369
286
259
141
51
225
28
381
229
405
197
255
357
353
447
271
256
117
137
151
212
139
77
258
15
55
188
29
460
276
277
305
261
152
339
86
294
83
84
92
169
334
236
376
499
358
343
273
466
79
358
163
400
214
360
183
318
139
176
65
260
399
453
23
316
141
335
119
157
158
64
410
466
314
461
166
